ACCX ACCY ACCZ : unity m/s2 
ACC 1159879745.54198000 0.0027346 0.0377327 9.80629
ACC 1159879745.54330000 -0.0900395 0.137314 9.79564
ACC 1159879745.54404000 -0.115034 0.136644 9.86438
ACC 1159879745.54477000 -0.0935288 0.0929231 9.81364
ACC 1159879745.54562000 -0.0169775 0.0336389 9.8483
ACC 1159879745.54663000 0.0153624 0.00657999 9.78923
ACC 1159879745.58474000 -0.0209377 0.023096 9.79561
ACC 1159879745.67859000 -0.0446749 0.0527292 9.77932
ACC 1159879745.77998000 -0.0736841 0.071048 9.78983
ACC 1159879745.88292000 -0.042638 0.0505521 9.81384
ACC 1159879745.154233000 -0.039043 0.0414081 9.8069
ACC 1159879745.154341000 -0.0446202 0.0231984 9.78486
ACC 1159879745.154415000 -0.0409752 0.0415848 9.78867
ACC 1159879745.154489000 -0.0336449 0.0194016 9.79652
ACC 1159879745.154570000 -0.0136072 0.0174766 9.80519
ACC 1159879745.154672000 -0.0245098 0.015641 9.80442
ACC 1159879745.157851000 -0.0462484 0.0486768 9.8172
ACC 1159879745.167898000 -0.0646219 0.056356 9.78511
ACC 1159879745.177909000 -0.0681287 0.0874505 9.80825
ACC 1159879745.187939000 -0.0425127 0.101893 9.83897
ACC 1159879745.251994000 -0.055202 0.088969 9.84173
ACC 1159879745.252102000 -0.0280268 0.0449106 9.82576
ACC 1159879745.252194000 -0.0209262 0.0230785 9.79741
ACC 1159879745.252267000 -0.0394159 0.0162118 9.74548
ACC 1159879745.252340000 -0.0413405 0.00533422 9.7273
ACC 1159879745.252414000 -0.0299797 0.00830991 9.80044
ACC 1159879745.257843000 -0.0501192 0.0416782 9.77897
ACC 1159879745.268136000 -0.0462867 0.0542566 9.81175
ACC 1159879745.277939000 -0.0463798 0.0728033 9.79902
ACC 1159879745.287905000 -0.0190883 0.0598547 9.80464
ACC 1159879745.349216000 -0.0461742 0.0743297 9.83158
ACC 1159879745.349320000 -0.0427324 0.0709412 9.80109
ACC 1159879745.349404000 -0.0573258 0.0673532 9.79102
ACC 1159879745.349477000 -0.0574931 0.0436831 9.76216
ACC 1159879745.349557000 -0.0174219 0.0122327 9.77601
ACC 1159879745.349629000 -0.0208522 0.0156036 9.8083
ACC 1159879745.357832000 -0.0430798 0.0420249 9.74331
ACC 1159879745.368124000 -0.0466404 0.0345523 9.75393
ACC 1159879745.377906000 -0.0319296 0.03428 9.78211
ACC 1159879745.387899000 -0.0428309 0.0306019 9.78135
ACC 1159879745.448008000 -0.0680803 0.0671316 9.81376
ACC 1159879745.448112000 -0.0427848 0.0636594 9.79208
ACC 1159879745.448184000 -0.0609642 0.0728825 9.79074
ACC 1159879745.448258000 -0.046205 0.0522913 9.82443
ACC 1159879745.448330000 -0.0316819 0.0412632 9.82189
ACC 1159879745.448403000 -0.0354365 0.0488105 9.80351
ACC 1159879745.458110000 -0.0610689 0.0583191 9.7727
ACC 1159879745.467818000 -0.0537423 0.0416629 9.78052
ACC 1159879745.477909000 -0.0429024 0.034392 9.77048
ACC 1159879745.487902000 -0.017307 0.0120571 9.7941
ACC 1159879745.546131000 -0.044555 0.0286202 9.7957
ACC 1159879745.546236000 -0.0210181 0.0232189 9.78294
ACC 1159879745.546309000 -0.0117414 0.0137205 9.81258
ACC 1159879745.546383000 -0.0154564 0.0304095 9.8014
ACC 1159879745.546455000 -0.049989 0.0525218 9.80064
ACC 1159879745.547818000 -0.0318172 0.0377891 9.80019
ACC 1159879745.557875000 -0.026253 0.0412949 9.81867
ACC 1159879745.567885000 -0.0444043 0.0431134 9.82097
ACC 1159879745.578046000 -0.0482215 0.0415542 9.79177
ACC 1159879745.643503000 -0.0335197 0.0376147 9.81816
ACC 1159879745.643604000 -0.044375 0.0338664 9.82463
ACC 1159879745.643673000 -0.04273 0.0341286 9.79762
ACC 1159879745.643741000 -0.0208867 0.0156563 9.80287
ACC 1159879745.643812000 -0.0191064 0.0193926 9.79756
ACC 1159879745.643908000 -0.0245813 0.0194311 9.79355
ACC 1159879745.648102000 -0.0244754 0.0155883 9.80985
ACC 1159879745.657799000 -0.0316435 0.0522472 9.82909
ACC 1159879745.667869000 -0.0464079 0.0636441 9.79362
ACC 1159879745.677930000 -0.0207652 0.0559604 9.82624
ACC 1159879745.741860000 -0.0425589 0.0522715 9.8265
ACC 1159879745.741968000 -0.0426201 0.0578865 9.81743
ACC 1159879745.742039000 -0.0480657 0.0486779 9.81707
ACC 1159879745.742110000 -0.0244919 0.0229754 9.80801
ACC 1159879745.742210000 -0.0247191 0.0196418 9.77184
ACC 1159879745.742284000 -0.0335363 0.0284379 9.81458
ACC 1159879745.747805000 -0.0393316 0.0271256 9.75991
ACC 1159879745.758259000 -0.0190476 0.0340263 9.80836
ACC 1159879745.767814000 -0.0319346 0.0416495 9.78209
ACC 1159879745.777848000 -0.0535763 0.0671753 9.80937
ACC 1159879745.838996000 -0.0429138 0.0509735 9.77041
ACC 1159879745.839101000 -0.057433 0.0564745 9.77297
ACC 1159879745.839176000 -0.0298991 0.0413147 9.8166
ACC 1159879745.839248000 -0.0573411 0.056334 9.78744
ACC 1159879745.839320000 -0.0336231 0.0377727 9.80187
ACC 1159879745.839392000 -0.0244255 0.0265548 9.81885
ACC 1159879745.848358000 -0.0299055 0.0339628 9.81481
ACC 1159879745.857792000 -0.0318172 0.0377891 9.80019
ACC 1159879745.867821000 -0.0426572 0.04506 9.81024
ACC 1159879745.877832000 -0.04656 0.0344294 9.7666
ACC 1159879745.936784000 -0.0355578 0.0416342 9.78364
ACC 1159879745.936883000 -0.0428933 0.0546231 9.77402
ACC 1159879745.936953000 -0.0519543 0.0509088 9.777
ACC 1159879745.937033000 -0.0555417 0.0489985 9.78398
ACC 1159879745.937102000 -0.0355208 0.0378967 9.78908
ACC 1159879745.939505000 -0.0518573 0.0599627 9.79325
ACC 1159879745.947767000 -0.0391311 0.0525853 9.79419
ACC 1159879745.957852000 -0.0318632 0.0378594 9.79296
ACC 1159879745.967850000 -0.0337035 0.0378956 9.78921
ACC 1159879745.977822000 -0.0335247 0.0449842 9.81813
ACC 1159879746.36178000 -0.0244663 0.0358194 9.81339
ACC 1159879746.36283000 -0.0463927 0.0415355 9.79371
ACC 1159879746.36357000 -0.0318492 0.034157 9.79478
ACC 1159879746.36440000 -0.0426687 0.0450776 9.80843
ACC 1159879746.36513000 -0.050257 0.0584528 9.75901
ACC 1159879746.38034000 -0.0317521 0.0432109 9.81103
ACC 1159879746.47832000 -0.0356791 0.0344578 9.76376
ACC 1159879746.57935000 -0.0353637 0.043178 9.81439
ACC 1159879746.67847000 -0.0501613 0.0527852 9.7735
ACC 1159879746.78785000 -0.0498856 0.0523638 9.81693
ACC 1159879746.134277000 -0.0355998 0.0527411 9.77816
ACC 1159879746.134383000 -0.0428321 0.0490082 9.78308
ACC 1159879746.134473000 -0.0354518 0.0377914 9.79993
ACC 1159879746.134574000 -0.0353522 0.0597244 9.81794
ACC 1159879746.134648000 -0.0282452 0.0286803 9.78963
ACC 1159879746.137750000 -0.039061 0.0340737 9.80331
ACC 1159879746.147816000 -0.0208023 0.043134 9.81905
ACC 1159879746.157750000 -0.0538098 0.0730536 9.77316
ACC 1159879746.167817000 -0.0464552 0.0489929 9.78463
ACC 1159879746.229660000 -0.0319091 0.0379296 9.78572
ACC 1159879746.229771000 -0.0427824 0.0268469 9.7886
ACC 1159879746.229844000 -0.0537653 0.041698 9.7769
ACC 1159879746.229916000 -0.04291 0.0454463 9.77043
ACC 1159879746.229990000 -0.0391236 0.0249672 9.79249
ACC 1159879746.230063000 -0.0209058 0.0267281 9.80102
ACC 1159879746.237764000 -0.0574866 0.067599 9.76569
ACC 1159879746.247829000 -0.0554843 0.0489107 9.79303
ACC 1159879746.257960000 -0.0244637 0.0486985 9.81515
ACC 1159879746.267795000 -0.0244803 0.0395217 9.81157
ACC 1159879746.328133000 -0.0555353 0.0563504 9.78576
ACC 1159879746.328244000 -0.0482853 0.0508539 9.78269
ACC 1159879746.328318000 -0.0499749 0.0488195 9.80247
ACC 1159879746.328391000 -0.0462893 0.0413775 9.80999
ACC 1159879746.328471000 -0.0317484 0.0211199 9.80931
ACC 1159879746.328543000 -0.0355387 0.0305623 9.78549
ACC 1159879746.337726000 -0.0465446 0.0454486 9.77017
ACC 1159879746.347784000 -0.0354084 0.0414059 9.80716
ACC 1159879746.357816000 -0.057479 0.0565447 9.76573
ACC 1159879746.367787000 -0.0244356 0.0412938 9.8188
ACC 1159879746.426492000 -0.0463582 0.0414829 9.79914
ACC 1159879746.426623000 -0.0645823 0.0489338 9.79057
ACC 1159879746.426696000 -0.0353446 0.0486701 9.81798
ACC 1159879746.427780000 -0.0319066 0.0342448 9.78573
ACC 1159879746.427853000 -0.028092 0.0394888 9.81492
ACC 1159879746.427927000 -0.0226107 0.0302384 9.81897
ACC 1159879746.437717000 -0.0646409 0.0674279 9.78326
ACC 1159879746.447848000 -0.0498447 0.0596631 9.82414
ACC 1159879746.457964000 -0.0245825 0.0378373 9.79529
ACC 1159879746.467760000 -0.0189888 0.04866 9.81916
ACC 1159879746.524856000 -0.0283894 0.0381029 9.76789
ACC 1159879746.524962000 -0.0282159 0.0194333 9.79329
ACC 1159879746.525036000 -0.0628582 0.0509156 9.77622
ACC 1159879746.525109000 -0.0263347 0.0266964 9.80425
ACC 1159879746.525183000 -0.0280882 0.0339617 9.81494
ACC 1159879746.527796000 -0.0552622 0.0430499 9.82743
ACC 1159879746.537771000 -0.0410837 0.0491124 9.77236
ACC 1159879746.547783000 -0.0444336 0.0523604 9.81732
ACC 1159879746.557835000 -0.0335197 0.0376147 9.81816
ACC 1159879746.621714000 -0.0500643 0.0452752 9.78801
ACC 1159879746.621820000 -0.0246833 0.0343106 9.77902
ACC 1159879746.621893000 -0.0355732 0.030615 9.78006
ACC 1159879746.621966000 -0.0335171 0.0339299 9.81817
ACC 1159879746.622038000 -0.0463365 0.0432901 9.80275
ACC 1159879746.622131000 -0.0535546 0.0524187 9.81124
ACC 1159879746.627696000 -0.024451 0.0302747 9.81522
ACC 1159879746.637779000 -0.0299437 0.0395426 9.80936
ACC 1159879746.647810000 -0.0538419 0.0528577 9.766
ACC 1159879746.657794000 -0.049934 0.0561188 9.80968
ACC 1159879746.721611000 -0.0206759 0.0429408 9.83895
ACC 1159879746.721724000 -0.0208215 0.0376419 9.81545
ACC 1159879746.721797000 -0.0299285 0.0339979 9.8112
ACC 1159879746.721870000 -0.0574113 0.0582817 9.77658
ACC 1159879746.721943000 -0.0536058 0.0432946 9.80223
ACC 1159879746.722015000 -0.0357301 0.0418975 9.75649
ACC 1159879746.727686000 -0.0408846 0.0432868 9.80314
ACC 1159879746.737752000 -0.0538508 0.0491905 9.76421
ACC 1159879746.748003000 -0.0280805 0.0394712 9.81673
ACC 1159879746.757744000 -0.0355795 0.0398269 9.78002
ACC 1159879746.820588000 -0.0392269 0.0416891 9.77795
ACC 1159879746.820698000 -0.0538636 0.0510504 9.76239
ACC 1159879746.820773000 -0.0538444 0.0565424 9.76599
ACC 1159879746.820846000 -0.0392064 0.0453387 9.78155
ACC 1159879746.820919000 -0.040937 0.036005 9.79412
ACC 1159879746.820991000 -0.057442 0.0528072 9.77117
ACC 1159879746.827675000 -0.0408909 0.0524987 9.8031
ACC 1159879746.837741000 -0.0335477 0.0450193 9.81451
ACC 1159879746.847731000 -0.035374 0.0413532 9.81259
ACC 1159879746.857771000 -0.0498715 0.0486615 9.81875
ACC 1159879746.917696000 -0.050155 0.0435733 9.77354
ACC 1159879746.917800000 -0.042984 0.0529212 9.75955
ACC 1159879746.917873000 -0.0501817 0.0491356 9.7699
ACC 1159879746.917945000 -0.0499035 0.0450294 9.81334
ACC 1159879746.918017000 -0.0501204 0.0600845 9.78071
ACC 1159879746.918090000 -0.0135957 0.0340229 9.80875
ACC 1159879746.927664000 -0.0590946 0.0635993 9.79814
ACC 1159879746.937803000 -0.0410007 0.0453047 9.78504
ACC 1159879746.947728000 -0.0280677 0.0376113 9.81855
ACC 1159879746.957762000 -0.0556553 0.0638955 9.76764
ACC 1159879747.16468000 -0.0539746 0.0456989 9.74432
ACC 1159879747.16601000 -0.0466466 0.0603281 9.75564
ACC 1159879747.16692000 -0.0262888 0.0266261 9.81148
ACC 1159879747.16765000 -0.0208483 0.0432042 9.81181
ACC 1159879747.16838000 -0.0483798 0.0381153 9.76645
ACC 1159879747.17796000 -0.0207792 0.0596627 9.82441
ACC 1159879747.27921000 -0.0464322 0.0489577 9.78825
ACC 1159879747.38098000 -0.0426827 0.0487799 9.80661
ACC 1159879747.47676000 -0.0464603 0.0563624 9.78461
ACC 1159879747.58696000 -0.0209848 0.0415725 9.79011
ACC 1159879747.114687000 -0.0210818 0.0490825 9.7756
ACC 1159879747.114791000 -0.050211 0.0583826 9.76624
ACC 1159879747.114865000 -0.0210883 0.0251667 9.77208
ACC 1159879747.114938000 -0.00992794 0.0192465 9.81269
ACC 1159879747.115010000 -0.0466289 0.0345347 9.75574
ACC 1159879747.117648000 -0.0244536 0.0339594 9.81521
ACC 1159879747.127902000 -0.0392269 0.0416891 9.77795
ACC 1159879747.137701000 -0.0610141 0.0453522 9.77999
ACC 1159879747.147746000 -0.0538024 0.0288716 9.76972
ACC 1159879747.209418000 -0.051796 0.0543478 9.80232
ACC 1159879747.209526000 -0.0501537 0.0417309 9.77355
ACC 1159879747.209600000 -0.0462292 0.0541688 9.8208
ACC 1159879747.209679000 -0.0501613 0.0527852 9.7735
ACC 1159879747.209753000 -0.0498459 0.0615055 9.82413
ACC 1159879747.209826000 -0.0573156 0.0526141 9.79108
ACC 1159879747.217671000 -0.053778 0.0601219 9.77683
ACC 1159879747.227686000 -0.0353843 0.0229645 9.80904
ACC 1159879747.237694000 -0.0317968 0.0414388 9.8038
ACC 1159879747.247711000 -0.0425347 0.0338302 9.82838
ACC 1159879747.306674000 -0.0317763 0.0450884 9.8074
ACC 1159879747.306777000 -0.0208202 0.0357996 9.81546
ACC 1159879747.306849000 -0.0281213 0.0487358 9.81127
ACC 1159879747.306922000 -0.0426853 0.0524647 9.80659
ACC 1159879747.306997000 -0.031904 0.0471239 9.78749
ACC 1159879747.307978000 -0.0210525 0.0398355 9.77926
ACC 1159879747.317730000 -0.039315 0.0363024 9.76349
ACC 1159879747.327886000 -0.0537219 0.0453126 9.78413
ACC 1159879747.337680000 -0.0355374 0.0287199 9.78549
ACC 1159879747.347689000 -0.0609847 0.052669 9.78539
ACC 1159879747.405685000 -0.0388107 0.0539361 9.84484
ACC 1159879747.405791000 -0.0610995 0.0694085 9.76904
ACC 1159879747.405893000 -0.0481819 0.0506959 9.79897
ACC 1159879747.405966000 -0.0427032 0.0451303 9.803
ACC 1159879747.406039000 -0.0500988 0.0453279 9.78258
ACC 1159879747.407616000 -0.0428155 0.0416211 9.78492
ACC 1159879747.417675000 -0.0354901 0.0433712 9.79448
ACC 1159879747.427747000 -0.0391784 0.0379341 9.7852
ACC 1159879747.437761000 -0.0462956 0.0505894 9.80996
ACC 1159879747.447651000 -0.0607869 0.0486858 9.81616
ACC 1159879747.504113000 -0.0425525 0.0596235 9.82828
ACC 1159879747.504218000 -0.0411666 0.0529201 9.75968
ACC 1159879747.504299000 -0.0135982 0.0377077 9.80874
ACC 1159879747.504371000 -0.0499417 0.0506092 9.80789
ACC 1159879747.504445000 -0.0300484 0.041543 9.79307
ACC 1159879747.507651000 -0.0318505 0.0194356 9.79303
ACC 1159879747.517664000 -0.0520909 0.0492772 9.75529
ACC 1159879747.527870000 -0.0575429 0.0492805 9.7549
ACC 1159879747.537698000 -0.0463033 0.0450798 9.80817
ACC 1159879747.598971000 -0.0426418 0.0560792 9.81382
ACC 1159879747.599078000 -0.0573437 0.0600187 9.78743
ACC 1159879747.599151000 -0.0718809 0.0581853 9.78639
ACC 1159879747.599224000 -0.0533338 0.0484003 9.84563
ACC 1159879747.599313000 -0.020796 0.0339221 9.81909
ACC 1159879747.599386000 -0.0410187 0.0379703 9.78145
ACC 1159879747.607593000 -0.0209441 0.0157441 9.79382
ACC 1159879747.617592000 -0.0465842 0.0363069 9.76297
ACC 1159879747.627656000 -0.0336601 0.0249463 9.79469
ACC 1159879747.638065000 -0.0429738 0.0381821 9.75961
ACC 1159879747.698453000 -0.0208841 0.0285354 9.80463
ACC 1159879747.698561000 -0.0554051 0.067194 9.80743
ACC 1159879747.698641000 -0.0353049 0.0578117 9.82519
ACC 1159879747.698715000 -0.0336817 0.0562667 9.79457
ACC 1159879747.698786000 -0.0500273 0.0415378 9.79345
ACC 1159879747.698858000 -0.0574574 0.0417881 9.7676
ACC 1159879747.707734000 -0.0262531 0.0081672 9.81518
ACC 1159879747.717780000 -0.0174398 0.00489824 9.77242
ACC 1159879747.727794000 -0.0083992 0.00496288 9.76583
ACC 1159879747.737728000 -0.0465638 0.0399565 9.76658
ACC 1159879747.795949000 -0.0153493 0.00816048 9.81596
ACC 1159879747.796053000 -0.0281915 0.0506836 9.80041
ACC 1159879747.796127000 -0.0388489 0.0595159 9.83939
ACC 1159879747.796209000 -0.0534485 0.0817037 9.83103
ACC 1159879747.796288000 -0.0499454 0.0727002 9.80961
ACC 1159879747.797575000 -0.0557561 0.0603688 9.75137
ACC 1159879747.807678000 -0.0356344 0.0362299 9.77099
ACC 1159879747.817631000 -0.0320687 0.036333 9.7604
ACC 1159879747.827658000 -0.0137259 0.0231793 9.78708
ACC 1159879747.838601000 -0.0281635 0.026715 9.80231
ACC 1159879747.894778000 -0.050132 0.0435382 9.77716
ACC 1159879747.894882000 -0.0573731 0.0527019 9.78203
ACC 1159879747.894956000 -0.0279272 0.0668436 9.84377
ACC 1159879747.895028000 -0.0389599 0.0707282 9.82307
ACC 1159879747.895103000 -0.0244816 0.0413641 9.81156
ACC 1159879747.897577000 -0.0173631 0.0268664 9.78681
ACC 1159879747.907625000 -0.041066 0.0233191 9.77246
ACC 1159879747.917630000 -0.0539339 0.0198704 9.74804
ACC 1159879747.927653000 -0.0209671 0.0157792 9.79021
ACC 1159879747.990095000 -0.0427415 0.0341462 9.79581
ACC 1159879747.990212000 -0.0536771 0.0636486 9.7931
ACC 1159879747.990294000 -0.0608262 0.0892357 9.81419
ACC 1159879747.990367000 -0.0498803 0.078122 9.82045
ACC 1159879747.990440000 -0.0646282 0.0655679 9.78508
ACC 1159879747.990513000 -0.0462037 0.0504489 9.82443
ACC 1159879747.997552000 -0.0262734 0.0376453 9.81506
ACC 1159879748.7695000 -0.0245902 0.0157639 9.79175
ACC 1159879748.17774000 -0.00641463 0.0120679 9.79307
ACC 1159879748.27618000 -0.0101042 0.00847317 9.78378
ACC 1159879748.89227000 -0.0319985 0.0343853 9.77126
ACC 1159879748.89333000 -0.0610063 0.0674256 9.78352
ACC 1159879748.89407000 -0.0551868 0.0668604 9.84181
ACC 1159879748.89480000 -0.0498548 0.0744021 9.82408
ACC 1159879748.90995000 -0.0281519 0.0598252 9.80761
ACC 1159879748.91085000 -0.0135778 0.0413573 9.81234
ACC 1159879748.97542000 -0.0356522 0.0454594 9.76915
ACC 1159879748.107814000 -0.0465306 0.0251824 9.77025
ACC 1159879748.117626000 -0.0558023 0.0273113 9.74064
ACC 1159879748.127592000 -0.0284291 0.0123974 9.75894
ACC 1159879748.186738000 -0.0592006 0.0508782 9.7801
ACC 1159879748.186854000 -0.0518382 0.0488909 9.7951
ACC 1159879748.186928000 -0.0480784 0.0671017 9.817
ACC 1159879748.187002000 -0.0537371 0.0674211 9.78404
ACC 1159879748.187074000 -0.0500654 0.0802453 9.79149
ACC 1159879748.188042000 -0.0352947 0.0596366 9.82699
ACC 1159879748.197646000 -0.0427951 0.0452707 9.78853
ACC 1159879748.207754000 -0.0410045 0.0508319 9.78502
ACC 1159879748.217620000 -0.0392115 0.0527082 9.78152
ACC 1159879748.282823000 -0.0430938 0.0457273 9.74148
ACC 1159879748.282923000 -0.0519276 0.0453466 9.78064
ACC 1159879748.282993000 -0.0353574 0.0339661 9.81442
ACC 1159879748.283089000 -0.040776 0.0523231 9.8212
ACC 1159879748.283158000 -0.0391885 0.0526731 9.78514
ACC 1159879748.283234000 -0.0390481 0.0487777 9.80687
ACC 1159879748.287522000 -0.0336307 0.048827 9.80183
ACC 1159879748.297581000 -0.026281 0.0486996 9.81502
ACC 1159879748.307636000 -0.0284953 0.0419457 9.75159
ACC 1159879748.317615000 -0.0100759 0.0341963 9.79092
ACC 1159879748.380811000 -0.0646871 0.0343704 9.77253
ACC 1159879748.380926000 -0.0429024 0.034392 9.77048
ACC 1159879748.380999000 -0.0574242 0.0435778 9.77302
ACC 1159879748.381072000 -0.0281801 0.0341021 9.80047
ACC 1159879748.381144000 -0.020796 0.0339221 9.81909
ACC 1159879748.381224000 -0.0647048 0.0601637 9.77243
ACC 1159879748.387512000 -0.0556617 0.0565436 9.76586
ACC 1159879748.399512000 -0.0609808 0.0637057 9.78715
ACC 1159879748.458754000 -0.0500618 0.0415904 9.78802
ACC 1159879748.458860000 -0.0244612 0.0450137 9.81516
ACC 1159879748.458934000 -0.044523 0.0488161 9.80286
ACC 1159879748.459007000 -0.0393468 0.0492342 9.75982
ACC 1159879748.459079000 -0.0557026 0.0492443 9.75865
ACC 1159879748.459163000 -0.0264049 0.0286441 9.79338
ACC 1159879748.467530000 -0.0428155 0.0416211 9.78492
ACC 1159879748.477596000 -0.0501077 0.0416607 9.78078
ACC 1159879748.487562000 -0.0484053 0.0418352 9.76282
ACC 1159879748.498770000 -0.0116559 0.0227919 9.82702
ACC 1159879748.554550000 -0.0282452 0.0286803 9.78963
ACC 1159879748.554661000 -0.0281302 0.0450686 9.80947
ACC 1159879748.554735000 -0.0464054 0.0599593 9.79364
ACC 1159879748.554808000 -0.0281059 0.059755 9.81485
ACC 1159879748.554881000 -0.050031 0.0636288 9.79517
ACC 1159879748.557524000 -0.061157 0.0529324 9.75825
ACC 1159879748.567621000 -0.0482113 0.043379 9.79357
ACC 1159879748.577555000 -0.0535969 0.0303979 9.80228
ACC 1159879748.587591000 -0.0318071 0.0230501 9.80025
ACC 1159879748.649650000 -0.0574994 0.052895 9.76213
ACC 1159879748.649755000 -0.0354762 0.023105 9.79456
ACC 1159879748.649828000 -0.028198 0.0267677 9.79688
ACC 1159879748.649902000 -0.0393009 0.049164 9.76706
ACC 1159879748.649974000 -0.0388681 0.0540239 9.8358
ACC 1159879748.650048000 -0.0573552 0.0600363 9.78562
ACC 1159879748.657482000 -0.0646409 0.0674279 9.78326
ACC 1159879748.669483000 -0.0392727 0.0583232 9.77245
ACC 1159879748.727580000 -0.0390902 0.0598846 9.8014
ACC 1159879748.727685000 -0.0317573 0.0340166 9.80926
ACC 1159879748.727758000 -0.0173478 0.0213216 9.78864
ACC 1159879748.727840000 -0.0465089 0.0269896 9.77386
ACC 1159879748.727913000 -0.0429279 0.0381119 9.76684
ACC 1159879748.727984000 -0.0319258 0.0287528 9.78214
ACC 1159879748.737587000 -0.0428895 0.049096 9.77404
ACC 1159879748.747693000 -0.0555289 0.0637024 9.78754
ACC 1159879748.757774000 -0.0463989 0.0673113 9.79542
ACC 1159879748.822758000 -0.0208776 0.0524512 9.80816
ACC 1159879748.822858000 -0.0482801 0.0600483 9.78446
ACC 1159879748.822928000 -0.0317201 0.0634069 9.81819
ACC 1159879748.822996000 -0.0536797 0.0507695 9.79134
ACC 1159879748.823094000 -0.0320139 0.0233661 9.76768
ACC 1159879748.823169000 -0.0337841 0.00489077 9.77305
ACC 1159879748.828465000 -0.0317905 0.015663 9.80209
ACC 1159879748.837463000 -0.0282466 0.0139588 9.78788
ACC 1159879748.847522000 -0.0590219 0.0414029 9.80727
ACC 1159879748.857565000 -0.0538482 0.0620696 9.76597
ACC 1159879748.921241000 -0.0537729 0.0527523 9.77686
ACC 1159879748.921350000 -0.0427133 0.0598693 9.80295
ACC 1159879748.921432000 -0.0642758 0.0705508 9.84115
ACC 1159879748.921512000 -0.0680419 0.0781157 9.82095
ACC 1159879748.921584000 -0.0190437 0.045063 9.81013
ACC 1159879748.921657000 -0.0284966 0.0437881 9.75158
ACC 1159879748.927470000 -0.0318836 0.0342097 9.78935
ACC 1159879748.937551000 -0.0285962 0.038419 9.73532
ACC 1159879748.947516000 -0.0283691 0.00862485 9.768
ACC 1159879748.957631000 -0.0245238 0.0193433 9.8026
ACC 1159879749.19047000 -0.0245634 0.0267655 9.79714
ACC 1159879749.19159000 -0.0462446 0.0431497 9.81722
ACC 1159879749.19233000 -0.0172086 0.0358324 9.8121
ACC 1159879749.19306000 -0.0499122 0.0744899 9.81503
ACC 1159879749.19379000 -0.0425346 0.0669579 9.83187
ACC 1159879749.19455000 -0.0299053 0.0670905 9.81831
ACC 1159879749.27452000 -0.0683879 0.0639209 9.76492
ACC 1159879749.37489000 -0.0245786 0.0488741 9.79705
ACC 1159879749.47501000 -0.0391464 0.0415662 9.79061
ACC 1159879749.57461000 -0.0282899 0.0269082 9.7824
ACC 1159879749.118719000 -0.0573795 0.0453499 9.78025
ACC 1159879749.118833000 -0.0609222 0.0452117 9.79446
ACC 1159879749.118905000 -0.02464 0.0213612 9.7845
ACC 1159879749.118979000 -0.039015 0.0340035 9.81054
ACC 1159879749.119052000 -0.0501741 0.0380813 9.76994
ACC 1159879749.119132000 -0.0461016 0.0521333 9.84071
ACC 1159879749.128441000 -0.0551575 0.0576134 9.84547
ACC 1159879749.137522000 -0.0536413 0.0783174 9.80028
ACC 1159879749.147497000 -0.0462305 0.0560112 9.82079
ACC 1159879749.157430000 -0.0425793 0.0486219 9.82289
ACC 1159879749.224587000 -0.0408604 0.0414093 9.80677
ACC 1159879749.224693000 -0.0484078 0.0455199 9.7628
ACC 1159879749.224767000 -0.0463506 0.0304286 9.79918
ACC 1159879749.224839000 -0.0209262 0.0230785 9.79741
ACC 1159879749.224912000 -0.0191294 0.0194277 9.79394
ACC 1159879749.224985000 -0.0280792 0.0376289 9.81674
ACC 1159879749.227427000 -0.0462944 0.048747 9.80997
ACC 1159879749.237482000 -0.0391655 0.052638 9.78876
ACC 1159879749.247639000 -0.0352053 0.0631809 9.84145
ACC 1159879749.257522000 -0.0500565 0.0673487 9.79154
ACC 1159879749.267475000 -0.0425333 0.0651155 9.83187
ACC 1159879749.323170000 -0.0572083 0.0634928 9.80913
ACC 1159879749.323269000 -0.0426623 0.0524296 9.81021
ACC 1159879749.323339000 -0.0283078 0.0195738 9.77881
ACC 1159879749.324021000 -0.0484285 0.00874252 9.75571
ACC 1159879749.324113000 -0.0281215 0.0156081 9.80778
ACC 1159879749.328413000 -0.0246068 0.023151 9.78992
ACC 1159879749.337448000 -0.053732 0.0600516 9.78407
ACC 1159879749.347505000 -0.0627062 0.0635664 9.8015
ACC 1159879749.357761000 -0.0607382 0.0780585 9.8269
ACC 1159879749.420184000 -0.0352373 0.0595488 9.83604
ACC 1159879749.420292000 -0.0462611 0.0671006 9.81713
ACC 1159879749.420365000 -0.0535508 0.0634554 9.81301
ACC 1159879749.420441000 -0.0282374 0.0507538 9.79317
ACC 1159879749.420514000 -0.0356026 0.0232981 9.77466
ACC 1159879749.420585000 -0.0357301 0.0418975 9.75649
ACC 1159879749.427401000 -0.0318313 0.0249276 9.79663
ACC 1159879749.437428000 -0.0191294 0.0194277 9.79394
ACC 1159879749.448112000 -0.0154718 0.0193904 9.79782
ACC 1159879749.457601000 -0.0282081 0.0415068 9.79682
ACC 1159879749.524197000 -0.0465292 0.0564677 9.77375
ACC 1159879749.524302000 -0.0317201 0.0634069 9.81819
ACC 1159879749.526303000 -0.0483681 0.0712255 9.77175
ACC 1159879749.526413000 -0.0317355 0.0523877 9.81461
ACC 1159879749.526515000 -0.0573245 0.0655108 9.79103
ACC 1159879749.526588000 -0.0445766 0.0599407 9.79558
ACC 1159879749.527810000 -0.0499366 0.0598036 9.80966
ACC 1159879749.538522000 -0.0318133 0.0488259 9.80196
ACC 1159879749.547413000 -0.0190834 0.0193575 9.80118
ACC 1159879749.557550000 -0.0464246 0.0379034 9.7883
ACC 1159879749.622812000 -0.0283333 0.0232937 9.77518
ACC 1159879749.622913000 -0.0099918 0.0119824 9.80186
ACC 1159879749.623017000 -0.0355591 0.0269127 9.78188
ACC 1159879749.623088000 -0.052045 0.0492069 9.76253
ACC 1159879749.623156000 -0.057433 0.0564745 9.77297
ACC 1159879749.623225000 -0.0462075 0.0559761 9.82441
ACC 1159879749.627386000 -0.0552557 0.0669657 9.83096
ACC 1159879749.637442000 -0.064669 0.0748325 9.77961
ACC 1159879749.647457000 -0.0355756 0.0508636 9.78179
ACC 1159879749.657443000 -0.0389447 0.0486196 9.82315
ACC 1159879749.722258000 -0.0483389 0.0454146 9.77366
ACC 1159879749.722897000 -0.0301544 0.0288219 9.77503
ACC 1159879749.723030000 -0.0429943 0.0345325 9.756
ACC 1159879749.723102000 -0.020962 0.00840966 9.79023
ACC 1159879749.723174000 -0.0357073 0.00873468 9.75662
ACC 1159879749.723245000 -0.0444797 0.0358668 9.80834
ACC 1159879749.728421000 -0.026207 0.0412247 9.8259
ACC 1159879749.737449000 -0.0482941 0.0637506 9.78264
ACC 1159879749.747465000 -0.0244062 0.0486107 9.82419
ACC 1159879749.757430000 -0.0388591 0.0576911 9.83759
ACC 1159879749.824156000 -0.0424656 0.0668525 9.84272
ACC 1159879749.824260000 -0.0501484 0.0674891 9.77706
ACC 1159879749.824332000 -0.0461987 0.0430794 9.82446
ACC 1159879749.824436000 -0.0393622 0.038215 9.75625
ACC 1159879749.824508000 -0.0393521 0.023476 9.7563
ACC 1159879749.824588000 -0.0484921 0.0346061 9.74837
ACC 1159879749.827446000 -0.0172904 0.00466998 9.79594
ACC 1159879749.837373000 -0.0556311 0.0454542 9.76952
ACC 1159879749.847648000 -0.0717303 0.0561147 9.80992
ACC 1159879749.857437000 -0.0573768 0.0747929 9.78375
ACC 1159879749.867602000 -0.0335783 0.0561087 9.81085
ACC 1159879749.923321000 -0.0244599 0.0431713 9.81517
ACC 1159879749.923431000 -0.0537143 0.0342583 9.78417
ACC 1159879749.923503000 -0.0389065 0.0264759 9.82686
ACC 1159879749.923574000 -0.0244536 0.0339594 9.81521
ACC 1159879749.923674000 -0.061028 0.0656184 9.77991
ACC 1159879749.927358000 -0.053579 0.0377323 9.80587
ACC 1159879749.937427000 -0.0318976 0.037912 9.78753
ACC 1159879749.947410000 -0.0502251 0.045521 9.76268
ACC 1159879749.957409000 -0.0245889 0.0304854 9.79351
ACC 1159879750.28827000 -0.0355858 0.0490388 9.77999
ACC 1159879750.28933000 -0.0355998 0.0527411 9.77816
ACC 1159879750.29012000 -0.0426291 0.0542193 9.81563
ACC 1159879750.29083000 -0.0445843 0.0544311 9.79379
ACC 1159879750.29165000 -0.0538201 0.0546649 9.76962
ACC 1159879750.29238000 -0.0391809 0.0416188 9.78518
ACC 1159879750.29308000 -0.0537499 0.0527172 9.78048
ACC 1159879750.37346000 -0.042841 0.045341 9.78129
ACC 1159879750.47392000 -0.0502022 0.0454859 9.76629
ACC 1159879750.57402000 -0.0463173 0.0487821 9.80635
ACC 1159879750.68336000 -0.0208649 0.0340274 9.80823
ACC 1159879750.126627000 -0.0318862 0.0378945 9.78934
ACC 1159879750.126731000 -0.053769 0.0637891 9.77863
ACC 1159879750.126803000 -0.0244598 0.0597352 9.81691
ACC 1159879750.126874000 -0.0280039 0.0448755 9.82938
ACC 1159879750.126947000 -0.0335068 0.0523186 9.82172
ACC 1159879750.129520000 -0.0425449 0.0485692 9.82832
ACC 1159879750.137327000 -0.0462471 0.0468344 9.81721
ACC 1159879750.147498000 -0.0463952 0.0452203 9.7937
ACC 1159879750.157387000 -0.0462739 0.0523967 9.81357
ACC 1159879750.167386000 -0.0209108 0.0340976 9.80099
ACC 1159879750.226290000 -0.0574765 0.0528599 9.76574
ACC 1159879750.226445000 -0.0173415 0.0121097 9.78867
ACC 1159879750.226518000 -0.0611137 0.0399831 9.76372
ACC 1159879750.226589000 -0.0429228 0.0307424 9.76687
ACC 1159879750.226662000 -0.0355922 0.0416868 9.77821
ACC 1159879750.227749000 -0.0409114 0.048849 9.7995
ACC 1159879750.237316000 -0.0501753 0.0564875 9.77168
ACC 1159879750.247374000 -0.0407684 0.0578327 9.82299
ACC 1159879750.257447000 -0.0537602 0.0508924 9.77868
ACC 1159879750.327391000 -0.0482686 0.0600307 9.78627
ACC 1159879750.327491000 -0.0610677 0.0564767 9.77271
ACC 1159879750.327560000 -0.0320483 0.0399827 9.764
ACC 1159879750.327628000 -0.0116864 0.0338813 9.82335
ACC 1159879750.327696000 -0.0408003 0.0542006 9.81757
ACC 1159879750.327763000 -0.0282465 0.0305227 9.78963
ACC 1159879750.327831000 -0.0499979 0.0488546 9.79885
ACC 1159879750.337314000 -0.0244994 0.0505935 9.80971
ACC 1159879750.347601000 -0.0497529 0.0429587 9.83687
ACC 1159879750.357357000 -0.053695 0.0563142 9.78951
ACC 1159879750.367385000 -0.026161 0.0411545 9.83314
ACC 1159879750.429883000 -0.046265 0.0560639 9.81536
ACC 1159879750.430035000 -0.0390442 0.0598144 9.80863
ACC 1159879750.430109000 -0.0298479 0.0504389 9.82561
ACC 1159879750.430178000 -0.0393034 0.0528487 9.76705
ACC 1159879750.430246000 -0.0538368 0.0454882 9.76603
ACC 1159879750.430322000 -0.0355157 0.0305272 9.78911
ACC 1159879750.437329000 -0.055626 0.0380846 9.76955
ACC 1159879750.447821000 -0.0573361 0.0489645 9.78747
ACC 1159879750.457292000 -0.0356791 0.0344578 9.76376
ACC 1159879750.467345000 -0.0354493 0.0341066 9.79995
ACC 1159879750.527729000 -0.050063 0.0599967 9.78976
ACC 1159879750.527831000 -0.0207601 0.0485909 9.82627
ACC 1159879750.527913000 -0.0334889 0.059653 9.82531
ACC 1159879750.527986000 -0.0571649 0.0671073 9.81635
ACC 1159879750.528056000 -0.035411 0.0450907 9.80714
ACC 1159879750.529632000 -0.0429329 0.0454814 9.76682
ACC 1159879750.537284000 -0.0173555 0.0158121 9.78685
ACC 1159879750.547338000 -0.0283333 0.0232937 9.77518
ACC 1159879750.557531000 -0.0448295 0.0271992 9.75228
ACC 1159879750.567338000 -0.0447886 0.0344985 9.75949
ACC 1159879750.631197000 -0.0393238 0.0491991 9.76344
ACC 1159879750.631310000 -0.0282286 0.0378571 9.79322
ACC 1159879750.631381000 -0.0445791 0.0636254 9.79556
ACC 1159879750.631452000 -0.0356279 0.0601458 9.77452
ACC 1159879750.631524000 -0.0299959 0.0653886 9.80384
ACC 1159879750.631596000 -0.0445766 0.0599407 9.79558
ACC 1159879750.637281000 -0.0355463 0.0416166 9.78544
ACC 1159879750.647336000 -0.0500005 0.0359755 9.79709
ACC 1159879750.657768000 -0.0431066 0.0310233 9.73792
ACC 1159879750.667271000 -0.0391427 0.0194752 9.78889
ACC 1159879750.729131000 -0.0245813 0.0194311 9.79355
ACC 1159879750.729238000 -0.0318492 0.034157 9.79478
ACC 1159879750.729382000 -0.0171715 0.0486589 9.81929
ACC 1159879750.729453000 -0.0316321 0.0522297 9.8309
ACC 1159879750.729525000 -0.0500438 0.0654887 9.79336
ACC 1159879750.729597000 -0.0645887 0.0581457 9.79053
ACC 1159879750.737262000 -0.0555634 0.0637551 9.78212
ACC 1159879750.747336000 -0.0171894 0.0413245 9.8157
ACC 1159879750.757327000 -0.0465267 0.052783 9.77376
ACC 1159879750.767325000 -0.0409969 0.0397776 9.78506
ACC 1159879750.829877000 -0.0498792 0.0431519 9.81696
ACC 1159879750.829979000 -0.0282515 0.0378922 9.7896
ACC 1159879750.830051000 -0.0537155 0.0526645 9.78591
ACC 1159879750.830124000 -0.0392664 0.0491113 9.77249
ACC 1159879750.830195000 -0.0392039 0.041654 9.78156
ACC 1159879750.830271000 -0.0408119 0.0376543 9.81402
ACC 1159879750.837253000 -0.0465956 0.0528883 9.76291
ACC 1159879750.847601000 -0.0502762 0.0529608 9.75541
ACC 1159879750.857250000 -0.0463582 0.0414829 9.79914
ACC 1159879750.867305000 -0.0263577 0.0267315 9.80063
ACC 1159879750.929912000 -0.0410646 0.0380406 9.77421
ACC 1159879750.930018000 -0.0498562 0.0431168 9.82058
ACC 1159879750.930091000 -0.0462139 0.065188 9.82438
ACC 1159879750.930161000 -0.0499161 0.0634532 9.81327
ACC 1159879750.930238000 -0.0280791 0.0541927 9.81849
ACC 1159879750.930316000 -0.051971 0.041732 9.77342
ACC 1159879750.937250000 -0.0646104 0.0563385 9.78692
ACC 1159879750.947319000 -0.0718617 0.0636773 9.78999
ACC 1159879750.957365000 -0.0519428 0.0674551 9.78055
ACC 1159879750.967302000 -0.0172558 0.0377451 9.80486
ACC 1159879751.32836000 -0.0265466 0.0343819 9.77165
ACC 1159879751.32973000 -0.0209747 0.0268335 9.79016
ACC 1159879751.33044000 -0.0190539 0.0432382 9.80832
ACC 1159879751.33115000 -0.0334992 0.0412643 9.82176
ACC 1159879751.33187000 -0.03926 0.0564632 9.77427
ACC 1159879751.33264000 -0.0318503 0.0525633 9.79652
ACC 1159879751.37245000 -0.0282809 0.0471393 9.78594
ACC 1159879751.47312000 -0.0427951 0.0452707 9.78853
ACC 1159879751.57298000 -0.0281417 0.0450862 9.80766
ACC 1159879751.67296000 -0.0246488 0.0508218 9.78619
ACC 1159879751.131479000 -0.0264547 0.0342415 9.78613
ACC 1159879751.131587000 -0.0519289 0.0306251 9.77889
ACC 1159879751.131659000 -0.0608916 0.0341223 9.79812
ACC 1159879751.131731000 -0.0464552 0.0489929 9.78463
ACC 1159879751.131812000 -0.057119 0.0670371 9.82359
ACC 1159879751.131912000 -0.0317099 0.0486678 9.81825
ACC 1159879751.137255000 -0.024419 0.0504706 9.82238
ACC 1159879751.147364000 -0.0497783 0.0632425 9.83498
ACC 1159879751.157277000 -0.0498982 0.0707876 9.81686
ACC 1159879751.167273000 -0.0537984 0.0564722 9.77323
ACC 1159879751.237382000 -0.0465012 0.0490631 9.7774
ACC 1159879751.237483000 -0.0538419 0.0362938 9.76426
ACC 1159879751.237556000 -0.0172303 0.0340252 9.80849
ACC 1159879751.237628000 -0.0172176 0.0156014 9.80856
ACC 1159879751.237699000 -0.0462459 0.044992 9.81722
ACC 1159879751.237771000 -0.0319423 0.0361399 9.7803
ACC 1159879751.237850000 -0.0464168 0.0599769 9.79183
ACC 1159879751.247210000 -0.0263194 0.0377155 9.80782
ACC 1159879751.257269000 -0.0428615 0.0416913 9.77769
ACC 1159879751.267286000 -0.0355973 0.0490564 9.77818
ACC 1159879751.277261000 -0.0173158 0.0415176 9.79579
ACC 1159879751.337603000 -0.0318351 0.0304547 9.7966
ACC 1159879751.337706000 -0.0317382 0.0229447 9.81111
ACC 1159879751.337786000 -0.0574663 0.0381209 9.7658
ACC 1159879751.337864000 -0.0411106 0.0381108 9.76697
ACC 1159879751.337938000 -0.0189557 0.0338858 9.82283
ACC 1159879751.338008000 -0.0207665 0.0578028 9.82623
ACC 1159879751.347319000 -0.0299207 0.0560714 9.81473
ACC 1159879751.357399000 -0.0499161 0.0634532 9.81327
ACC 1159879751.367376000 -0.0244127 0.0412587 9.82241
ACC 1159879751.377367000 -0.0501345 0.0472229 9.77714
ACC 1159879751.436068000 -0.0208318 0.0192532 9.8119
ACC 1159879751.436171000 -0.043021 0.0400948 9.75236
ACC 1159879751.436627000 -0.0429802 0.0308302 9.75782
ACC 1159879751.436699000 -0.0282031 0.0341372 9.79685
ACC 1159879751.436772000 -0.0465561 0.0454661 9.76836
ACC 1159879751.437686000 -0.0464794 0.0508704 9.78101
ACC 1159879751.447225000 -0.0428436 0.0490257 9.78128
ACC 1159879751.457356000 -0.0573258 0.0673532 9.79102
ACC 1159879751.467466000 -0.0207321 0.0411862 9.82991
ACC 1159879751.477286000 -0.0446813 0.0453772 9.77754
ACC 1159879751.534139000 -0.0538214 0.0565073 9.76961
ACC 1159879751.534286000 -0.0612413 0.0585825 9.74556
ACC 1159879751.534359000 -0.0319002 0.0415968 9.78751
ACC 1159879751.534430000 -0.0503145 0.0419767 9.74821
ACC 1159879751.534502000 -0.0318161 0.0193829 9.79846
ACC 1159879751.537179000 -0.0610805 0.0417728 9.76915
ACC 1159879751.547237000 -0.0281226 0.0340143 9.80952
ACC 1159879751.557245000 -0.0573207 0.0599836 9.79105
ACC 1159879751.567269000 -0.0464527 0.0453081 9.78465
ACC 1159879751.637303000 -0.0465279 0.0546253 9.77376
ACC 1159879751.637406000 -0.0390865 0.0377936 9.79967
ACC 1159879751.637478000 -0.0606771 0.0558797 9.83423
ACC 1159879751.637550000 -0.0392128 0.0379868 9.77977
ACC 1159879751.637621000 -0.0318836 0.0342097 9.78935
ACC 1159879751.637692000 -0.0447464 0.0399554 9.76671
ACC 1159879751.637763000 -0.028161 0.0230303 9.80232
ACC 1159879751.647226000 -0.0263309 0.0211692 9.80427
ACC 1159879751.657231000 -0.0498486 0.0486264 9.82237
ACC 1159879751.667226000 -0.0556566 0.049174 9.76589
ACC 1159879751.677232000 -0.0609094 0.0599156 9.79802
ACC 1159879751.737533000 -0.0502072 0.0528554 9.76626
ACC 1159879751.737636000 -0.0501944 0.0675594 9.76983
ACC 1159879751.737709000 -0.0354824 0.0488808 9.79627
ACC 1159879751.737789000 -0.0391145 0.0451983 9.79603
ACC 1159879751.737861000 -0.0283932 0.0436301 9.76787
ACC 1159879751.740100000 -0.0245786 0.0488741 9.79705
ACC 1159879751.747279000 -0.024594 0.0378549 9.79348
ACC 1159879751.757600000 -0.0335362 0.0450017 9.81632
ACC 1159879751.767261000 -0.0483095 0.0527314 9.77906
ACC 1159879751.777337000 -0.0609884 0.07476 9.78711
ACC 1159879751.836903000 -0.0537972 0.0546298 9.77324
ACC 1159879751.837023000 -0.0574419 0.0693711 9.77292
ACC 1159879751.837094000 -0.0280167 0.0301715 9.82582
ACC 1159879751.837552000 -0.0389895 0.0302836 9.81418
ACC 1159879751.837625000 -0.0535916 0.0561562 9.8058
ACC 1159879751.837697000 -0.0357161 0.0381952 9.75832
ACC 1159879751.847146000 -0.0538866 0.0345217 9.75703
ACC 1159879751.857445000 -0.031922 0.0232257 9.78216
ACC 1159879751.867144000 -0.0244791 0.0376793 9.81157
ACC 1159879751.877269000 -0.0464705 0.0545376 9.7828
ACC 1159879751.938806000 -0.0426662 0.0413928 9.80844
ACC 1159879751.938910000 -0.0317968 0.0414388 9.8038
ACC 1159879751.938983000 -0.00980021 0.0337749 9.83434
ACC 1159879751.939055000 -0.0518662 0.0562955 9.79145
ACC 1159879751.939134000 -0.0463199 0.0524669 9.80633
ACC 1159879751.939206000 -0.0500285 0.059944 9.79519
ACC 1159879751.947137000 -0.0445894 0.0452367 9.79202
ACC 1159879751.957204000 -0.0354787 0.0267898 9.79455
ACC 1159879751.967202000 -0.0446342 0.0269007 9.78304
ACC 1159879751.977387000 -0.0208471 0.0247979 9.81007
ACC 1159879752.37169000 -0.0424313 0.0336721 9.84466
ACC 1159879752.37274000 -0.0460646 0.0483959 9.84615
ACC 1159879752.37347000 -0.0244407 0.0486634 9.81877
ACC 1159879752.37419000 -0.0535827 0.0598234 9.80759
ACC 1159879752.37492000 -0.0334609 0.0522484 9.82896
ACC 1159879752.37564000 -0.0537308 0.0582092 9.78408
ACC 1159879752.47241000 -0.042684 0.0506223 9.8066
ACC 1159879752.57386000 -0.0209543 0.0304831 9.79377
ACC 1159879752.67173000 -0.0266781 0.0253807 9.74997
ACC 1159879752.77208000 -0.0210436 0.0269388 9.77931
ACC 1159879752.144541000 -0.0283614 0.0306983 9.77153
ACC 1159879752.144647000 -0.049943 0.0524516 9.80788
ACC 1159879752.144726000 -0.0116839 0.0301966 9.82337
ACC 1159879752.144797000 -0.0425716 0.0541315 9.82468
ACC 1159879752.144869000 -0.0389625 0.0578491 9.82131
ACC 1159879752.144967000 -0.0265503 0.056473 9.77337
ACC 1159879752.147116000 -0.024548 0.0377847 9.80072
ACC 1159879752.157186000 -0.0555162 0.0452786 9.78762
ACC 1159879752.167203000 -0.0610231 0.041685 9.77819
ACC 1159879752.177112000 -0.0428718 0.0233026 9.77414
ACC 1159879752.187123000 -0.0244868 0.0156058 9.80804
ACC 1159879752.242866000 -0.0482816 0.0287629 9.78096
ACC 1159879752.242969000 -0.0465037 0.0527478 9.77738
ACC 1159879752.243041000 -0.0464832 0.0563975 9.78099
ACC 1159879752.243454000 -0.028249 0.0342075 9.78961
ACC 1159879752.243572000 -0.0353637 0.043178 9.81439
ACC 1159879752.247118000 -0.0462535 0.0560463 9.81717
ACC 1159879752.257196000 -0.0573297 0.0563164 9.78925
ACC 1159879752.267234000 -0.0355438 0.0379318 9.78546
ACC 1159879752.277156000 -0.0538674 0.0565776 9.76237
ACC 1159879752.338367000 -0.0284034 0.0418053 9.76606
ACC 1159879752.338468000 -0.0481767 0.0598902 9.80075
ACC 1159879752.338540000 -0.0483185 0.0490642 9.77727
ACC 1159879752.338611000 -0.035416 0.0524602 9.80711
ACC 1159879752.338683000 -0.0171269 0.0338671 9.82477
ACC 1159879752.338762000 -0.0407046 0.048533 9.83207
ACC 1159879752.347095000 -0.0407646 0.0523055 9.82301
ACC 1159879752.357156000 -0.0537346 0.0637364 9.78406
ACC 1159879752.367182000 -0.0683012 0.0545861 9.77762
ACC 1159879752.377141000 -0.0558137 0.0438927 9.74058
ACC 1159879752.442618000 -0.0429127 0.0160033 9.76693
ACC 1159879752.442729000 -0.039061 0.0340737 9.80331
ACC 1159879752.442802000 -0.0407519 0.0338817 9.82308
ACC 1159879752.442910000 -0.0461603 0.0540635 9.83166
ACC 1159879752.442982000 -0.0501626 0.0546276 9.7735
ACC 1159879752.443055000 -0.0590371 0.0800754 9.80893
ACC 1159879752.447083000 -0.053755 0.0600867 9.78045
ACC 1159879752.457144000 -0.0243897 0.0412236 9.82603
ACC 1159879752.467195000 -0.049832 0.0412393 9.82421
ACC 1159879752.477144000 -0.0425908 0.0486394 9.82108
ACC 1159879752.540176000 -0.0208559 0.0376946 9.81002
ACC 1159879752.540279000 -0.0410633 0.0361982 9.77422
ACC 1159879752.540349000 -0.0100709 0.0268268 9.79095
ACC 1159879752.540422000 -0.0356841 0.0418273 9.76373
ACC 1159879752.540493000 -0.0355438 0.0379318 9.78546
ACC 1159879752.540565000 -0.0262886 0.0597539 9.81497
ACC 1159879752.547073000 -0.0335516 0.0339826 9.81274
ACC 1159879752.557214000 -0.0282771 0.0416121 9.78597
ACC 1159879752.567131000 -0.0410927 0.0454452 9.77056
ACC 1159879752.632983000 -0.0208381 0.0284652 9.81187
ACC 1159879752.633086000 -0.0575454 0.0529653 9.75489
ACC 1159879752.633155000 -0.050266 0.0382217 9.75547
ACC 1159879752.633231000 -0.0611571 0.0363685 9.7565
ACC 1159879752.633299000 -0.053565 0.03403 9.80769
ACC 1159879752.633368000 -0.0573795 0.0453499 9.78025
ACC 1159879752.637198000 -0.0700623 0.0563418 9.78653
ACC 1159879752.647108000 -0.0501613 0.0527852 9.7735
ACC 1159879752.657138000 -0.0134004 0.0337244 9.83951
ACC 1159879752.667231000 -0.051953 0.0656303 9.77875
ACC 1159879752.730486000 -0.0316882 0.0504751 9.82186
ACC 1159879752.730591000 -0.0409485 0.0360226 9.79231
ACC 1159879752.730672000 -0.0535661 0.0524363 9.80943
ACC 1159879752.730743000 -0.0539287 0.0456286 9.75156
ACC 1159879752.730816000 -0.0447298 0.0491322 9.77029
ACC 1159879752.730887000 -0.029908 0.0376475 9.8148
ACC 1159879752.737143000 -0.0245696 0.0525413 9.79885
ACC 1159879752.747183000 -0.0465216 0.0454134 9.77379
ACC 1159879752.757113000 -0.0573207 0.0599836 9.79105
ACC 1159879752.767338000 -0.0263858 0.0341361 9.79698
ACC 1159879752.829263000 -0.0389346 0.0338806 9.82321
ACC 1159879752.829366000 -0.0172431 0.0193212 9.80493
ACC 1159879752.829448000 -0.0501166 0.0545574 9.78073
ACC 1159879752.829519000 -0.031793 0.0359116 9.80382
ACC 1159879752.829591000 -0.0319296 0.03428 9.78211
ACC 1159879752.829671000 -0.028221 0.0268028 9.79326
ACC 1159879752.837043000 -0.0336345 0.0377903 9.80006
ACC 1159879752.847172000 -0.0408323 0.0340046 9.81041
ACC 1159879752.857094000 -0.042887 0.0454112 9.77405
ACC 1159879752.867089000 -0.0319346 0.0416495 9.78209
ACC 1159879752.927093000 -0.0355539 0.0526709 9.7854
ACC 1159879752.927195000 -0.020875 0.0487665 9.80817
ACC 1159879752.927268000 -0.0245071 0.0450839 9.80793
ACC 1159879752.927339000 -0.0408399 0.0450589 9.81037
ACC 1159879752.927410000 -0.0517845 0.0708941 9.80587
ACC 1159879752.928455000 -0.0354314 0.041441 9.80354
ACC 1159879752.937244000 -0.052068 0.049242 9.75891
ACC 1159879752.947072000 -0.0264917 0.0379789 9.78068
ACC 1159879752.957092000 -0.0207986 0.021043 9.81733
ACC 1159879752.967096000 -0.0408284 0.0450413 9.81218
ACC 1159879753.25844000 -0.0391988 0.0342844 9.78159
ACC 1159879753.25948000 -0.0501461 0.0306766 9.77359
ACC 1159879753.26032000 -0.0318682 0.0452289 9.79293
ACC 1159879753.26104000 -0.0356803 0.052864 9.7655
ACC 1159879753.26176000 -0.0209108 0.0340976 9.80099
ACC 1159879753.27097000 -0.0318887 0.0415792 9.78932
ACC 1159879753.37117000 -0.0465254 0.0509406 9.77377
ACC 1159879753.47068000 -0.0573259 0.0342254 9.78753
ACC 1159879753.57166000 -0.0317917 0.0340693 9.80383
ACC 1159879753.68026000 -0.0407991 0.0357943 9.81583
ACC 1159879753.125136000 -0.0390327 0.0597968 9.81044
ACC 1159879753.125239000 -0.0682705 0.0600606 9.78303
ACC 1159879753.125311000 -0.0643984 0.0652167 9.82126
ACC 1159879753.125383000 -0.0262517 0.0394526 9.81867
ACC 1159879753.125454000 -0.0425832 0.0375852 9.82113
ACC 1159879753.127012000 -0.0645274 0.0525308 9.7996
ACC 1159879753.137073000 -0.0462497 0.0505192 9.8172
ACC 1159879753.147545000 -0.0390865 0.0377936 9.79967
ACC 1159879753.157010000 -0.0537729 0.0527523 9.77686
ACC 1159879753.220272000 -0.0264597 0.041611 9.7861
ACC 1159879753.220380000 -0.0428883 0.0472536 9.77405
ACC 1159879753.220451000 -0.0408144 0.041339 9.814
ACC 1159879753.220524000 -0.0464092 0.0489226 9.79187
ACC 1159879753.220603000 -0.0500234 0.0525745 9.79522
ACC 1159879753.220675000 -0.0537575 0.0637715 9.78044
ACC 1159879753.227001000 -0.028083 0.043156 9.81672
ACC 1159879753.237057000 -0.0467105 0.0530639 9.74481
ACC 1159879753.247061000 -0.0392372 0.0233004 9.7744
ACC 1159879753.257058000 -0.0500248 0.037853 9.79346
ACC 1159879753.317133000 -0.0409115 0.0157213 9.79601
ACC 1159879753.317233000 -0.0608227 0.0340169 9.80898
ACC 1159879753.317305000 -0.0446328 0.0416222 9.78479
ACC 1159879753.317377000 -0.0516148 0.0577516 9.83125
ACC 1159879753.317448000 -0.04462 0.0563261 9.78835
ACC 1159879753.318144000 -0.0410263 0.0490246 9.78141
ACC 1159879753.326990000 -0.0609081 0.0580733 9.79803
ACC 1159879753.337056000 -0.0392154 0.0416715 9.77976
ACC 1159879753.347100000 -0.0520692 0.0510844 9.7589
ACC 1159879753.357049000 -0.0302322 0.0418239 9.76412
ACC 1159879753.416241000 -0.0428794 0.0343569 9.7741
ACC 1159879753.416345000 -0.0208649 0.0340274 9.80823
ACC 1159879753.416417000 -0.0262032 0.0356976 9.82592
ACC 1159879753.416489000 -0.0483185 0.0490642 9.77727
ACC 1159879753.416560000 -0.0500502 0.0581368 9.79158
ACC 1159879753.417974000 -0.0282515 0.0378922 9.7896
ACC 1159879753.426980000 -0.0208495 0.0450466 9.8118
ACC 1159879753.437167000 -0.0465572 0.0638724 9.7701
ACC 1159879753.447023000 -0.0190131 0.0339736 9.81379
ACC 1159879753.457036000 -0.0465726 0.0528532 9.76653
ACC 1159879753.514496000 -0.0519059 0.0471538 9.78425
ACC 1159879753.514608000 -0.0357239 0.0161218 9.75478
ACC 1159879753.514681000 -0.0300345 0.0212768 9.79315
ACC 1159879753.514753000 -0.019114 0.0304469 9.79752
ACC 1159879753.514853000 -0.0281801 0.0341021 9.80047
ACC 1159879753.516974000 -0.0463633 0.0488524 9.79911
ACC 1159879753.527022000 -0.0244497 0.0449961 9.81697
ACC 1159879753.537025000 -0.0482622 0.0673827 9.78805
ACC 1159879753.547050000 -0.0390991 0.0562174 9.7996
ACC 1159879753.556976000 -0.0538495 0.063912 9.76596
ACC 1159879753.614536000 -0.0354454 0.0451433 9.80171
ACC 1159879753.614649000 -0.0336613 0.0433525 9.79642
ACC 1159879753.614722000 -0.0499264 0.0450645 9.80972
ACC 1159879753.614793000 -0.0209377 0.023096 9.79561
ACC 1159879753.614893000 -0.053856 0.0399961 9.76244
ACC 1159879753.616992000 -0.0246387 0.0195189 9.7845
ACC 1159879753.627076000 -0.020999 0.028711 9.78654
ACC 1159879753.637068000 -0.0317329 0.048703 9.81463
ACC 1159879753.647049000 -0.0409943 0.0526567 9.78682
ACC 1159879753.718283000 -0.0264138 0.0415408 9.79333
ACC 1159879753.718389000 -0.0556054 0.074862 9.77664
ACC 1159879753.718461000 -0.0573028 0.067318 9.79464
ACC 1159879753.718544000 -0.0263525 0.0524897 9.80415
ACC 1159879753.718616000 -0.0356127 0.0380372 9.7746
ACC 1159879753.718688000 -0.0518281 0.0341518 9.79516
ACC 1159879753.718787000 -0.0262454 0.0136768 9.81696
ACC 1159879753.726948000 -0.0428948 0.0233377 9.77052
ACC 1159879753.737007000 -0.0319781 0.038035 9.77486
ACC 1159879753.746991000 -0.042892 0.0527807 9.77402
ACC 1159879753.757013000 -0.0244956 0.0450664 9.80973
ACC 1159879753.816982000 -0.0465306 0.0417462 9.772
ACC 1159879753.817085000 -0.0735871 0.063538 9.80433
ACC 1159879753.817157000 -0.0646844 0.0638133 9.77604
ACC 1159879753.817229000 -0.0428014 0.0544826 9.78849
ACC 1159879753.817301000 -0.0209273 0.0580486 9.8009
ACC 1159879753.817372000 -0.0134858 0.0412169 9.82681
ACC 1159879753.827049000 -0.0300893 0.0342437 9.78586
ACC 1159879753.837172000 -0.013625 0.04327 9.8051
ACC 1159879753.847079000 -0.0443928 0.0430959 9.82278
ACC 1159879753.857189000 -0.0429789 0.0455517 9.75958
ACC 1159879753.915449000 -0.0207578 0.0117784 9.82279
ACC 1159879753.916008000 -0.0316704 0.0412456 9.8237
ACC 1159879753.916080000 -0.026433 0.0360487 9.78974
ACC 1159879753.916153000 -0.0538495 0.063912 9.76596
ACC 1159879753.916261000 -0.0427273 0.0635716 9.80112
ACC 1159879753.916933000 -0.057488 0.0528775 9.76393
ACC 1159879753.926994000 -0.0409778 0.0452696 9.78866
ACC 1159879753.936978000 -0.0681735 0.0525506 9.79753
ACC 1159879753.947098000 -0.0535432 0.0524012 9.81305
ACC 1159879753.957956000 -0.0190221 0.0303064 9.81199
ACC 1159879754.21268000 -0.0610332 0.056424 9.77813
ACC 1159879754.21372000 -0.0263411 0.0359083 9.80421
ACC 1159879754.21444000 -0.0244446 0.0376266 9.817
ACC 1159879754.21522000 -0.038992 0.0339684 9.81416
ACC 1159879754.21594000 -0.0501153 0.052715 9.78074
ACC 1159879754.21667000 -0.0610982 0.0675661 9.76904
ACC 1159879754.26919000 -0.0409472 0.0341802 9.79232
ACC 1159879754.37039000 -0.0353829 0.037686 9.81079
ACC 1159879754.46967000 -0.0427032 0.0451303 9.803
ACC 1159879754.57014000 -0.0355233 0.0415815 9.78906
ACC 1159879754.116470000 -0.0462689 0.0450272 9.8136
ACC 1159879754.116583000 -0.0573922 0.0637737 9.78018
ACC 1159879754.116655000 -0.0317508 0.0413685 9.81104
ACC 1159879754.116736000 -0.0556362 0.0528237 9.76949
ACC 1159879754.116809000 -0.0409969 0.0563415 9.78681
ACC 1159879754.117256000 -0.0428384 0.0582201 9.78305
ACC 1159879754.126940000 -0.0573168 0.0710204 9.79281
ACC 1159879754.137064000 -0.0611058 0.0786204 9.769
ACC 1159879754.146989000 -0.0336103 0.0359128 9.80369
ACC 1159879754.156971000 -0.0466352 0.0437466 9.7557
ACC 1159879754.224194000 -0.0353689 0.0339837 9.81261
ACC 1159879754.224301000 -0.0465395 0.038079 9.7702
ACC 1159879754.224373000 -0.0390175 0.0376883 9.81053
ACC 1159879754.224446000 -0.0356178 0.0454067 9.77457
ACC 1159879754.224525000 -0.0354084 0.0414059 9.80716
ACC 1159879754.224597000 -0.0611136 0.0565469 9.76547
ACC 1159879754.231411000 -0.0574305 0.0527897 9.77298
ACC 1159879754.236896000 -0.0643869 0.0651992 9.82307
ACC 1159879754.246944000 -0.042836 0.0379714 9.78132
ACC 1159879754.256995000 -0.0484001 0.0510295 9.76459
ACC 1159879754.266941000 -0.0410927 0.0454452 9.77056
ACC 1159879754.327415000 -0.0190271 0.0376759 9.81196
ACC 1159879754.327523000 -0.0316922 0.0228745 9.81835
ACC 1159879754.327595000 -0.0317317 0.0468606 9.81463
ACC 1159879754.327667000 -0.0317879 0.0285421 9.80385
ACC 1159879754.327740000 -0.0447247 0.0417627 9.77032
ACC 1159879754.327813000 -0.0208841 0.0285354 9.80463
ACC 1159879754.337063000 -0.0280959 0.0284521 9.81316
ACC 1159879754.347054000 -0.0244536 0.0339594 9.81521
ACC 1159879754.356937000 -0.0319831 0.0454045 9.77483
ACC 1159879754.366930000 -0.0282017 0.0488587 9.7986
ACC 1159879754.425935000 -0.0499315 0.052434 9.80969
ACC 1159879754.426038000 -0.0389818 0.0357932 9.81596
ACC 1159879754.426110000 -0.0537091 0.0434526 9.78594
ACC 1159879754.426211000 -0.0498767 0.0394671 9.81698
ACC 1159879754.426282000 -0.0501702 0.049118 9.77171
ACC 1159879754.427207000 -0.0281417 0.0450862 9.80766
ACC 1159879754.436944000 -0.0353254 0.0541621 9.82158
ACC 1159879754.446993000 -0.0463199 0.0524669 9.80633
ACC 1159879754.457108000 -0.0317265 0.0560549 9.81641
ACC 1159879754.466871000 -0.060825 0.0708295 9.81246
ACC 1159879754.524075000 -0.0538329 0.0565249 9.7678
ACC 1159879754.524208000 -0.0210742 0.0380282 9.77565
ACC 1159879754.524280000 -0.0317763 0.0450884 9.8074
ACC 1159879754.524353000 -0.031876 0.0231554 9.7894
ACC 1159879754.524425000 -0.0499085 0.0523989 9.81331
ACC 1159879754.527119000 -0.0427441 0.037831 9.79579
ACC 1159879754.536864000 -0.0335937 0.0450895 9.80727
ACC 1159879754.546919000 -0.0444362 0.0560452 9.8173
ACC 1159879754.557028000 -0.0354748 0.0378265 9.79632
ACC 1159879754.566899000 -0.0209108 0.0340976 9.80099
ACC 1159879754.622021000 -0.0536886 0.0636661 9.79129
ACC 1159879754.622124000 -0.0190246 0.0339912 9.81198
ACC 1159879754.622197000 -0.0391069 0.034144 9.79607
ACC 1159879754.622270000 -0.0409229 0.0488666 9.79769
ACC 1159879754.622343000 -0.0356051 0.0269829 9.77464
ACC 1159879754.626854000 -0.0337634 0.0416682 9.78015
ACC 1159879754.700363000 -0.0573182 0.0562989 9.79106
ACC 1159879754.700478000 -0.0299616 0.0487721 9.80752
ACC 1159879754.700548000 -0.0355297 0.0342295 9.78728
ACC 1159879754.700615000 -0.0391745 0.0489708 9.78696
ACC 1159879754.700683000 -0.046228 0.0523264 9.82081
ACC 1159879754.700751000 -0.0573501 0.0526668 9.78565
ACC 1159879754.700818000 -0.0573513 0.071073 9.78738
ACC 1159879754.706852000 -0.0536606 0.0562615 9.79494
ACC 1159879754.716911000 -0.0264138 0.0415408 9.79333
ACC 1159879754.726961000 -0.0426751 0.0377256 9.80665
ACC 1159879754.736925000 -0.0173937 0.0379558 9.78314
ACC 1159879754.797951000 -0.0590615 0.0488251 9.80182
ACC 1159879754.798051000 -0.0298416 0.041227 9.82564
ACC 1159879754.798123000 -0.0428691 0.0527456 9.77764
ACC 1159879754.798195000 -0.0392319 0.0490586 9.77792
ACC 1159879754.798268000 -0.0390136 0.048725 9.8123
ACC 1159879754.798340000 -0.0263129 0.0450675 9.8096
ACC 1159879754.806835000 -0.0500974 0.0600494 9.78433
ACC 1159879754.816908000 -0.0483095 0.0527314 9.77906
ACC 1159879754.826983000 -0.0355182 0.034212 9.78909
ACC 1159879754.836904000 -0.0300433 0.0341735 9.7931
ACC 1159879754.896791000 -0.033678 0.0341757 9.79284
ACC 1159879754.896905000 -0.0538393 0.0491729 9.76602
ACC 1159879754.896978000 -0.0244855 0.0303273 9.80979
ACC 1159879754.897050000 -0.0336154 0.0432823 9.80366
ACC 1159879754.897123000 -0.0538483 0.0455057 9.76422
ACC 1159879754.897195000 -0.024525 0.0377495 9.80433
ACC 1159879754.907130000 -0.0502162 0.0491882 9.76447
ACC 1159879754.916838000 -0.053806 0.0675265 9.77318
ACC 1159879754.926969000 -0.0501 0.0637341 9.78432
ACC 1159879754.937040000 -0.0428231 0.0526754 9.78488
ACC 1159879754.994338000 -0.028272 0.0342426 9.78599
ACC 1159879754.994449000 -0.0319142 0.0452991 9.78569
ACC 1159879754.994522000 -0.0281392 0.0414014 9.80768
ACC 1159879754.994594000 -0.04827 0.0453092 9.78452
ACC 1159879754.994665000 -0.0393162 0.0381448 9.76349
ACC 1159879754.996815000 -0.00454241 0.0156638 9.80223
ACC 1159879755.6929000 -0.0356102 0.0343524 9.77462
ACC 1159879755.16863000 -0.0520245 0.0528566 9.76614
ACC 1159879755.26874000 -0.0483784 0.0528368 9.7682
ACC 1159879755.91530000 -0.0262555 0.0449797 9.81865
ACC 1159879755.91654000 -0.0570705 0.0632821 9.83084
ACC 1159879755.91728000 -0.0681505 0.0525155 9.80115
ACC 1159879755.91804000 -0.03366 0.0415101 9.79643
ACC 1159879755.91877000 -0.0430134 0.0290405 9.7524
ACC 1159879755.91949000 -0.0282287 0.00472938 9.78973
ACC 1159879755.96807000 -0.0463953 0.0286564 9.79195
ACC 1159879755.106935000 -0.0282005 0.0304525 9.79686
ACC 1159879755.116868000 -0.0646818 0.0601286 9.77605
ACC 1159879755.127076000 -0.0483887 0.0510119 9.7664
ACC 1159879755.192214000 -0.053732 0.0600516 9.78407
ACC 1159879755.192312000 -0.0609961 0.0692504 9.78532
ACC 1159879755.192388000 -0.061 0.0582137 9.78356
ACC 1159879755.192456000 -0.035356 0.0486876 9.81618
ACC 1159879755.192524000 -0.055488 0.0710017 9.79475
ACC 1159879755.192593000 -0.0283409 0.034348 9.77514
ACC 1159879755.196803000 -0.0336831 0.0249814 9.79107
ACC 1159879755.206800000 -0.0463391 0.030411 9.80099
ACC 1159879755.216848000 -0.0410595 0.030671 9.77424
ACC 1159879755.226890000 -0.0518421 0.0378541 9.79333
ACC 1159879755.292954000 -0.0556362 0.0528237 9.76949
ACC 1159879755.293059000 -0.035365 0.0450204 9.81438
ACC 1159879755.293130000 -0.039043 0.0414081 9.8069
ACC 1159879755.293202000 -0.0607932 0.0578977 9.81612
ACC 1159879755.293273000 -0.0554038 0.0653516 9.80744
ACC 1159879755.293380000 -0.0262759 0.0413301 9.81505
ACC 1159879755.296784000 -0.0572288 0.0598432 9.80552
ACC 1159879755.306846000 -0.0281596 0.0377518 9.80407
ACC 1159879755.316918000 -0.0393597 0.0345303 9.75626
ACC 1159879755.326881000 -0.0430019 0.0455868 9.75596
ACC 1159879755.390157000 -0.0429304 0.0417967 9.76683
ACC 1159879755.390257000 -0.0135408 0.021056 9.81604
ACC 1159879755.390325000 -0.0498154 0.0504161 9.82779
ACC 1159879755.390400000 -0.0264509 0.0287143 9.78615
ACC 1159879755.390469000 -0.0411641 0.0492353 9.75969
ACC 1159879755.390535000 -0.0572045 0.0579657 9.80915
ACC 1159879755.397634000 -0.0390468 0.0469353 9.80688
ACC 1159879755.406790000 -0.0446175 0.0526414 9.78837
ACC 1159879755.417075000 -0.0316741 0.0633366 9.82543
ACC 1159879755.426774000 -0.0389893 0.0634114 9.81767
ACC 1159879755.496128000 -0.0409407 0.058096 9.79585
ACC 1159879755.496231000 -0.0574829 0.045508 9.76396
ACC 1159879755.496303000 -0.0210028 0.0342381 9.78652
ACC 1159879755.496381000 -0.0135881 0.0229686 9.80879
ACC 1159879755.496452000 -0.0282465 0.0305227 9.78963
ACC 1159879755.496525000 -0.0555226 0.0544905 9.78758
ACC 1159879755.498336000 -0.0389307 0.0449173 9.82498
ACC 1159879755.506886000 -0.0428551 0.0490433 9.77947
ACC 1159879755.516961000 -0.0572607 0.0562111 9.80011
ACC 1159879755.527062000 -0.0555009 0.0562977 9.79119
ACC 1159879755.536759000 -0.035393 0.0524251 9.81073
ACC 1159879755.594919000 -0.0245416 0.0451366 9.8025
ACC 1159879755.595023000 -0.0264279 0.0286792 9.78976
ACC 1159879755.595095000 -0.0320674 0.0344907 9.7604
ACC 1159879755.595174000 -0.0465485 0.0344118 9.76841
ACC 1159879755.595246000 -0.0502572 0.0253251 9.75552
ACC 1159879755.596761000 -0.0394324 0.0401628 9.74538
ACC 1159879755.606819000 -0.0354263 0.0340715 9.80357
ACC 1159879755.616900000 -0.0353905 0.0487403 9.81075
ACC 1159879755.626781000 -0.0571931 0.0579481 9.81096
ACC 1159879755.692999000 -0.0680968 0.0745187 9.81192
ACC 1159879755.693102000 -0.0299565 0.0414025 9.80755
ACC 1159879755.693174000 -0.0519581 0.056436 9.77698
ACC 1159879755.693246000 -0.0430453 0.0419723 9.74874
ACC 1159879755.693351000 -0.041131 0.0344611 9.76337
ACC 1159879755.693423000 -0.0136264 0.0119846 9.8016
ACC 1159879755.696751000 -0.0463837 0.0452027 9.7955
ACC 1159879755.707112000 -0.0520629 0.0418725 9.75894
ACC 1159879755.716751000 -0.0480977 0.0450458 9.81166
ACC 1159879755.726928000 -0.0463557 0.0377981 9.79915
ACC 1159879755.795801000 -0.0245276 0.0414343 9.80432
ACC 1159879755.795905000 -0.024368 0.0430309 9.82965
ACC 1159879755.795977000 -0.0135088 0.041252 9.8232
ACC 1159879755.796058000 -0.029908 0.0376475 9.8148
ACC 1159879755.796158000 -0.0464653 0.0637319 9.78458
ACC 1159879755.796228000 -0.0465024 0.0509055 9.77739
ACC 1159879755.798182000 -0.0429584 0.0492013 9.76318
ACC 1159879755.806849000 -0.0538419 0.0528577 9.766
ACC 1159879755.816995000 -0.0538827 0.0455584 9.7588
ACC 1159879755.827357000 -0.0499648 0.0340805 9.80252
ACC 1159879755.836770000 -0.0264165 0.0120978 9.78983
ACC 1159879755.895942000 -0.0264165 0.0120978 9.78983
ACC 1159879755.896045000 -0.0191077 0.021235 9.79755
ACC 1159879755.896146000 -0.0427236 0.0414806 9.7994
ACC 1159879755.896218000 -0.0262555 0.0449797 9.81865
ACC 1159879755.896297000 -0.057045 0.0595622 9.83447
ACC 1159879755.897569000 -0.0554012 0.0782307 9.8092
ACC 1159879755.963057000 -0.0518892 0.0563306 9.78783
ACC 1159879755.963156000 -0.0190207 0.0450279 9.81374
ACC 1159879755.963224000 -0.0172379 0.0450795 9.80845
ACC 1159879755.963299000 -0.0356102 0.0343524 9.77462
ACC 1159879755.963402000 -0.038987 0.0265989 9.81419
ACC 1159879755.963470000 -0.028175 0.0267326 9.8005
ACC 1159879755.966961000 -0.0320266 0.0252261 9.76587
ACC 1159879755.976755000 -0.0389818 0.0357932 9.81596
ACC 1159879755.986899000 -0.046159 0.0522211 9.83166
ACC 1159879755.998983000 -0.0555059 0.0636673 9.79116
ACC 1159879756.55096000 -0.0353854 0.0413708 9.81078
ACC 1159879756.55200000 -0.0352028 0.0594961 9.84146
ACC 1159879756.55282000 -0.0427388 0.0635892 9.79931
ACC 1159879756.55353000 -0.0628236 0.0674267 9.78339
ACC 1159879756.55452000 -0.0538163 0.0491378 9.76964
ACC 1159879756.57706000 -0.0611494 0.0418781 9.75829
ACC 1159879756.66729000 -0.0483811 0.0233938 9.7647
ACC 1159879756.133331000 -0.0282798 0.0121691 9.78246
ACC 1159879756.133431000 -0.0336193 0.0156817 9.80015
ACC 1159879756.133500000 -0.00629586 0.022929 9.81293
ACC 1159879756.133567000 -0.0189557 0.0338858 9.82283
ACC 1159879756.133635000 -0.0589516 0.0725829 9.82163
ACC 1159879756.133706000 -0.0536197 0.0635608 9.80215
ACC 1159879756.136737000 -0.0497043 0.0557676 9.84586
ACC 1159879756.148735000 -0.0389932 0.0523746 9.8159
ACC 1159879756.204067000 -0.0207831 0.048626 9.82265
ACC 1159879756.204170000 -0.0556821 0.0528939 9.76226
ACC 1159879756.204250000 -0.0483338 0.038045 9.77369
ACC 1159879756.204323000 -0.0245928 0.0194486 9.79174
ACC 1159879756.204394000 -0.0245826 0.0212735 9.79354
ACC 1159879756.207987000 -0.0501499 0.0362038 9.77357
ACC 1159879756.217687000 -0.0318083 0.0414563 9.80199
ACC 1159879756.227275000 -0.0681645 0.0727817 9.80107
ACC 1159879756.292986000 -0.0501025 0.0674189 9.7843
ACC 1159879756.293085000 -0.0190003 0.0486775 9.81735
ACC 1159879756.293155000 -0.0410019 0.063711 9.78678
ACC 1159879756.293222000 -0.0536873 0.0783876 9.79305
ACC 1159879756.293323000 -0.055571 0.0748094 9.78207
ACC 1159879756.293391000 -0.0318862 0.0378945 9.78934
ACC 1159879756.297680000 -0.0500108 0.0341507 9.79529
ACC 1159879756.307734000 -0.0317407 0.0266295 9.81109
ACC 1159879756.317752000 -0.046357 0.0396405 9.79914
ACC 1159879756.327739000 -0.0318326 0.02677 9.79662
ACC 1159879756.390002000 -0.0282733 0.036085 9.78599
ACC 1159879756.390103000 -0.050086 0.0434679 9.7844
ACC 1159879756.390170000 -0.0463787 0.0378332 9.79553
ACC 1159879756.390242000 -0.0719281 0.0600979 9.77915
ACC 1159879756.390310000 -0.0556233 0.0675276 9.77306
ACC 1159879756.390377000 -0.0501076 0.0582246 9.78253
ACC 1159879756.397744000 -0.0426444 0.059764 9.8138
ACC 1159879756.407794000 -0.0170975 0.041184 9.83017
ACC 1159879756.417810000 -0.0317125 0.0523526 9.81823
ACC 1159879756.427821000 -0.020824 0.0413267 9.81544
ACC 1159879756.487916000 -0.0425895 0.0467971 9.82109
ACC 1159879756.488019000 -0.0318632 0.0378594 9.79296
ACC 1159879756.488091000 -0.0281252 0.0376991 9.8095
ACC 1159879756.488164000 -0.0465446 0.0454486 9.77017
ACC 1159879756.488243000 -0.0244995 0.0340297 9.80797
ACC 1159879756.488314000 -0.0501229 0.0637693 9.7807
ACC 1159879756.497766000 -0.0573807 0.0637562 9.78199
ACC 1159879756.507896000 -0.0574994 0.052895 9.76213
ACC 1159879756.517775000 -0.0538329 0.0565249 9.7678
ACC 1159879756.527838000 -0.0280691 0.0228898 9.8168
ACC 1159879756.586596000 -0.0264266 0.0268368 9.78977
ACC 1159879756.586719000 -0.0463008 0.0413951 9.80818
ACC 1159879756.586791000 -0.0135294 0.0210385 9.81785
ACC 1159879756.586863000 -0.0245276 0.0248704 9.80258
ACC 1159879756.586936000 -0.044435 0.0376389 9.81557
ACC 1159879756.588355000 -0.0500618 0.0415904 9.78802
ACC 1159879756.597786000 -0.0498306 0.0559608 9.82596
ACC 1159879756.607825000 -0.0502148 0.0639097 9.76622
ACC 1159879756.617836000 -0.0556858 0.0749849 9.76398
ACC 1159879756.628730000 -0.0501421 0.0582772 9.7771
ACC 1159879756.685760000 -0.0555303 0.0489809 9.78579
ACC 1159879756.685864000 -0.0462829 0.0487295 9.81178
ACC 1159879756.685937000 -0.0153683 0.0357962 9.81585
ACC 1159879756.686008000 -0.053644 0.0488744 9.79678
ACC 1159879756.686109000 -0.0465663 0.0436413 9.76656
ACC 1159879756.688342000 -0.0408144 0.041339 9.814
ACC 1159879756.697678000 -0.0318019 0.0488083 9.80377
ACC 1159879756.707701000 -0.0136212 0.0377428 9.80512
ACC 1159879756.717903000 -0.0461858 0.0577834 9.82802
ACC 1159879756.780688000 -0.0648197 0.0603393 9.75434
ACC 1159879756.780792000 -0.0393443 0.0455494 9.75984
ACC 1159879756.780864000 -0.0538419 0.0528577 9.766
ACC 1159879756.780935000 -0.0501116 0.030624 9.77902
ACC 1159879756.781006000 -0.0262109 0.030188 9.82414
ACC 1159879756.781079000 -0.0572236 0.0690375 9.8073
ACC 1159879756.787637000 -0.053769 0.0637891 9.77863
ACC 1159879756.797764000 -0.0352999 0.0504422 9.82522
ACC 1159879756.807683000 -0.0626322 0.0560915 9.81238
ACC 1159879756.817691000 -0.0391809 0.0416188 9.78518
ACC 1159879756.880026000 -0.0719357 0.0711522 9.77911
ACC 1159879756.880134000 -0.0209619 0.0415374 9.79373
ACC 1159879756.880214000 -0.0318478 0.0488785 9.79653
ACC 1159879756.880285000 -0.0209963 0.0415901 9.7883
ACC 1159879756.880356000 -0.024548 0.0377847 9.80072
ACC 1159879756.880439000 -0.0246093 0.0268357 9.7899
ACC 1159879756.886682000 -0.0445729 0.0378496 9.79385
ACC 1159879756.955595000 -0.0481985 0.0415191 9.79539
ACC 1159879756.955698000 -0.03189 0.0268578 9.78757
ACC 1159879756.955767000 -0.0646972 0.0491094 9.77247
ACC 1159879756.955834000 -0.0319142 0.0452991 9.78569
ACC 1159879756.955902000 -0.0535508 0.0634554 9.81301
ACC 1159879756.955970000 -0.026318 0.052437 9.80958
ACC 1159879756.958109000 -0.0518943 0.0637001 9.7878
ACC 1159879756.967723000 -0.026313 0.0285036 9.80786
ACC 1159879756.977858000 -0.0646372 0.0453368 9.78154
ACC 1159879756.987616000 -0.0318377 0.0341395 9.79659
ACC 1159879756.997647000 -0.0393264 0.0528838 9.76343
ACC 1159879757.54018000 -0.0353408 0.0431429 9.81801
ACC 1159879757.54118000 -0.0573922 0.0637737 9.78018
ACC 1159879757.54194000 -0.0519773 0.0509439 9.77338
ACC 1159879757.54263000 -0.0628467 0.050898 9.77803
ACC 1159879757.54330000 -0.0336805 0.0378605 9.79283
ACC 1159879757.57641000 -0.0353472 0.035791 9.81623
ACC 1159879757.67668000 -0.040762 0.0486208 9.82302
ACC 1159879757.77755000 -0.0537295 0.0563669 9.78408
ACC 1159879757.87703000 -0.0502226 0.0418363 9.76269
ACC 1159879757.151085000 -0.0425168 0.0411646 9.83197
ACC 1159879757.151197000 -0.0462459 0.044992 9.81722
ACC 1159879757.151270000 -0.0572492 0.0561935 9.80192
ACC 1159879757.151341000 -0.0428589 0.0380066 9.7777
ACC 1159879757.151413000 -0.017335 0.0194617 9.79045
ACC 1159879757.151486000 -0.04291 0.0454463 9.77043
ACC 1159879757.157665000 -0.0172941 0.026761 9.79766
ACC 1159879757.167654000 -0.0391784 0.0379341 9.7852
ACC 1159879757.177706000 -0.0572556 0.0654054 9.80188
ACC 1159879757.187655000 -0.0407302 0.035689 9.82669
ACC 1159879757.249019000 -0.0501562 0.0454157 9.77353
ACC 1159879757.249137000 -0.0262683 0.0302758 9.81509
ACC 1159879757.249209000 -0.0553324 0.0449976 9.81657
ACC 1159879757.249280000 -0.028152 0.0266975 9.80412
ACC 1159879757.249353000 -0.0389869 0.0431627 9.81594
ACC 1159879757.249424000 -0.026493 0.0232574 9.77893
ACC 1159879757.257966000 -0.0464501 0.0416233 9.78466
ACC 1159879757.267576000 -0.0535994 0.0340827 9.80226
ACC 1159879757.277635000 -0.0719076 0.0637476 9.78275
ACC 1159879757.287631000 -0.0629514 0.0528984 9.76173
ACC 1159879757.346494000 -0.0299578 0.0432449 9.80754
ACC 1159879757.346611000 -0.0208189 0.0339572 9.81547
ACC 1159879757.346699000 -0.0244931 0.0413816 9.80975
ACC 1159879757.346772000 -0.0500618 0.0415904 9.78802
ACC 1159879757.346842000 -0.0573285 0.0379102 9.78751
ACC 1159879757.347786000 -0.046514 0.0343592 9.77384
ACC 1159879757.357613000 -0.0425653 0.0449196 9.82472
ACC 1159879757.367714000 -0.0189442 0.0338683 9.82464
ACC 1159879757.377814000 -0.0408118 0.0542181 9.81576
ACC 1159879757.389597000 -0.0429942 0.0510964 9.75775
ACC 1159879757.444717000 -0.0357659 0.0272287 9.74931
ACC 1159879757.444820000 -0.0393137 0.03446 9.7635
ACC 1159879757.444893000 -0.062931 0.0399842 9.76359
ACC 1159879757.444966000 -0.0444439 0.0339717 9.81377
ACC 1159879757.445046000 -0.0501027 0.0342912 9.78081
ACC 1159879757.447559000 -0.0428615 0.0416913 9.77769
ACC 1159879757.457661000 -0.0316819 0.0412632 9.82189
ACC 1159879757.467616000 -0.0424606 0.059483 9.84275
ACC 1159879757.477858000 -0.0316372 0.0430353 9.82912
ACC 1159879757.540593000 -0.0555251 0.0581752 9.78757
ACC 1159879757.540696000 -0.055354 0.0597542 9.8147
ACC 1159879757.540769000 -0.0465382 0.0528005 9.77195
ACC 1159879757.540842000 -0.0246744 0.0379778 9.78081
ACC 1159879757.540913000 -0.0118614 0.0212656 9.79445
ACC 1159879757.540984000 -0.024502 0.0377144 9.80795
ACC 1159879757.547547000 -0.0264037 0.0268017 9.79339
ACC 1159879757.558589000 -0.0483669 0.0528192 9.77001
ACC 1159879757.621404000 -0.0209402 0.0433447 9.79734
ACC 1159879757.621525000 -0.0411322 0.0528674 9.76511
ACC 1159879757.621874000 -0.0537704 0.0490676 9.77688
ACC 1159879757.621946000 -0.0356943 0.0565664 9.76367
ACC 1159879757.622017000 -0.0208471 0.0247979 9.81007
ACC 1159879757.622097000 -0.049883 0.048679 9.81694
ACC 1159879757.627538000 -0.0464514 0.0434657 9.78466
ACC 1159879757.637740000 -0.0391809 0.0416188 9.78518
ACC 1159879757.647537000 -0.0210896 0.0270091 9.77207
ACC 1159879757.657643000 -0.0394311 0.0383204 9.74539
ACC 1159879757.717105000 -0.0262518 0.0228887 9.81693
ACC 1159879757.717209000 -0.0335555 0.0229458 9.81098
ACC 1159879757.717282000 -0.0281495 0.0230127 9.80413
ACC 1159879757.717355000 -0.0407672 0.0394264 9.82125
ACC 1159879757.717427000 -0.0281316 0.0303471 9.80772
ACC 1159879757.718569000 -0.0426764 0.039568 9.80664
ACC 1159879757.727680000 -0.0554319 0.0561924 9.80205
ACC 1159879757.737737000 -0.0207743 0.0357293 9.8227
ACC 1159879757.747527000 -0.0335694 0.043212 9.8109
ACC 1159879757.757632000 -0.017146 0.044939 9.82292
ACC 1159879757.815658000 -0.0246846 0.036153 9.77901
ACC 1159879757.815762000 -0.0319219 0.0397895 9.7839
ACC 1159879757.815835000 -0.0334686 0.0301749 9.82542
ACC 1159879757.815906000 -0.0571765 0.050561 9.8128
ACC 1159879757.816015000 -0.0299923 0.0267337 9.80037
ACC 1159879757.817521000 -0.00447095 0.0118736 9.81311
ACC 1159879757.827581000 -0.0320036 0.0417548 9.77123
ACC 1159879757.837618000 -0.0282745 0.0379274 9.78598
ACC 1159879757.847960000 -0.0444349 0.0542028 9.81731
ACC 1159879757.858548000 -0.0391145 0.0451983 9.79603
ACC 1159879757.914774000 -0.0335247 0.0449842 9.81813
ACC 1159879757.914877000 -0.0464731 0.0416584 9.78104
ACC 1159879757.914950000 -0.0647227 0.0528293 9.76884
ACC 1159879757.915023000 -0.0317687 0.0340341 9.80745
ACC 1159879757.915103000 -0.0537908 0.0454179 9.77327
ACC 1159879757.917510000 -0.0408386 0.0432165 9.81038
ACC 1159879757.927551000 -0.0499864 0.0488371 9.80066
ACC 1159879757.937633000 -0.0592695 0.0509835 9.76924
ACC 1159879757.947811000 -0.0389562 0.0486372 9.82134
ACC 1159879758.10789000 -0.064318 0.0650938 9.83393
ACC 1159879758.10892000 -0.0609349 0.0636355 9.79439
ACC 1159879758.10963000 -0.0608276 0.0745142 9.81244
ACC 1159879758.11042000 -0.0317342 0.0505453 9.81462
ACC 1159879758.11124000 -0.0353139 0.0541445 9.82339
ACC 1159879758.11195000 -0.0537015 0.0489622 9.78773
ACC 1159879758.17556000 -0.0354238 0.0303867 9.80358
ACC 1159879758.27641000 -0.0499418 0.0340453 9.80614
ACC 1159879758.37601000 -0.0464272 0.0415882 9.78828
ACC 1159879758.47575000 -0.0283065 0.0342953 9.78057
ACC 1159879758.110037000 -0.0208227 0.0394843 9.81544
ACC 1159879758.110144000 -0.0444362 0.0560452 9.8173
ACC 1159879758.110217000 -0.0280268 0.0449106 9.82576
ACC 1159879758.110288000 -0.0318057 0.0543354 9.80375
ACC 1159879758.110361000 -0.028295 0.0342777 9.78238
ACC 1159879758.110432000 -0.0336383 0.0433174 9.80004
ACC 1159879758.117499000 -0.0539032 0.0419087 9.75519
ACC 1159879758.127618000 -0.0465855 0.0381493 9.76296
ACC 1159879758.137600000 -0.0520909 0.0492772 9.75529
ACC 1159879758.147540000 -0.0538113 0.0417683 9.76967
ACC 1159879758.217242000 -0.0428819 0.0380417 9.77408
ACC 1159879758.217345000 -0.040674 0.0374436 9.83573
ACC 1159879758.217428000 -0.0500592 0.0379057 9.78804
ACC 1159879758.217865000 -0.0391834 0.0453036 9.78517
ACC 1159879758.217939000 -0.0429112 0.0472887 9.77043
ACC 1159879758.218019000 -0.06118 0.0529675 9.75463
ACC 1159879758.218093000 -0.0428206 0.0489906 9.78489
ACC 1159879758.228241000 -0.0500146 0.0396778 9.79527
ACC 1159879758.237548000 -0.0321006 0.0492648 9.75673
ACC 1159879758.247476000 -0.0575479 0.05665 9.75487
ACC 1159879758.257519000 -0.0498626 0.0523287 9.82055
ACC 1159879758.315041000 -0.0190042 0.0376408 9.81558
ACC 1159879758.315148000 -0.0465203 0.0435711 9.7738
ACC 1159879758.315219000 -0.035411 0.0450907 9.80714
ACC 1159879758.315319000 -0.0353471 0.0523548 9.81797
ACC 1159879758.315391000 -0.0245543 0.0469966 9.80068
ACC 1159879758.317468000 -0.0392971 0.0270729 9.76534
ACC 1159879758.327526000 -0.0209696 0.0194639 9.79019
ACC 1159879758.337556000 -0.0209467 0.0194288 9.79381
ACC 1159879758.347763000 -0.0316781 0.035736 9.82191
ACC 1159879758.357468000 -0.0573475 0.0655459 9.78741
